-----------------------------------------VARIABLES-----------------------------------------
SPEED				= 9
HOVER				= 6
ACCELERATE			= 4
DEACCELERATE		= -1
local hoverup       = true
local hoverdown     = true
local player=game:GetService("Players").LocalPlayer
local char=player.Character
local mouse=player:GetMouse()
------------------------------------------PAINT--------------------------------------------

PAINT_COLOR			= BrickColor.new("Bright blue")
METAL_COLOR			= BrickColor.new("Dark stone grey")
SEATS_COLOR			= BrickColor.new("Really red")
THRUSTER_COLOR		= BrickColor.new("Black")
THRUSTER_NOSE_COLOR = BrickColor.new("Dark stone grey")
NEON_COLOR			= BrickColor.new("Bright red")
-------------------------------------------------------------------------------------------



local m = Instance.new("Model")
m.Name = "MatteoCycle"
p1 = Instance.new("Part", m)
p1.BrickColor = BrickColor.new("Deep blue")
p1.Material = Enum.Material.Metal
p1.FormFactor = Enum.FormFactor.Custom
p1.Size = Vector3.new(0.634799898, 0.275999993, 0.275999993)
p1.CFrame = CFrame.new(2.16083503, 4.70617294, 16.5757542, 0.0556937084, 0.496887982, -0.866024971, -0.16403079, 0.860139549, 0.482962817, 0.984880984, 0.1151568, 0.129409373)
p1.Elasticity = 0
p1.BottomSurface = Enum.SurfaceType.Smooth
p1.TopSurface = Enum.SurfaceType.Smooth
b1 = Instance.new("SpecialMesh", p1)
b1.MeshType = Enum.MeshType.Brick
b1.Name = "Mesh"
b1.Scale = Vector3.new(1, 0.5, 1)
p2 = Instance.new("Part", m)
p2.BrickColor = BrickColor.new("Deep blue")
p2.Material = Enum.Material.Metal
p2.FormFactor = Enum.FormFactor.Custom
p2.Size = Vector3.new(0.634799898, 0.275999993, 0.275999993)
p2.CFrame = CFrame.new(2.18429708, 4.65925598, 16.0420818, 0.0556936786, 0.496888012, 0.866024673, -0.413347542, 0.801026106, -0.433012754, -0.908867419, -0.333853185, 0.25000003)
p2.Elasticity = 0
p2.BottomSurface = Enum.SurfaceType.Smooth
p2.TopSurface = Enum.SurfaceType.Smooth
b2 = Instance.new("SpecialMesh", p2)
b2.MeshType = Enum.MeshType.Brick
b2.Name = "Mesh"
b2.Scale = Vector3.new(1, 0.5, 1)
p3 = Instance.new("Part", m)
p3.BrickColor = BrickColor.new("Dark stone grey")
p3.Material = Enum.Material.Metal
p3.FormFactor = Enum.FormFactor.Custom
p3.Size = Vector3.new(1.10399997, 0.275999993, 1.65600002)
p3.CFrame = CFrame.new(-1.10423696, 3.67393208, 14.4087296, -9.52904231e-016, -0.965925455, -0.258818924, 1, 1.33226763e-015, -1.77635684e-015, -1.77635684e-015, -0.258818924, 0.965925455)
p3.Elasticity = 0
p3.TopSurface = Enum.SurfaceType.Smooth
b3 = Instance.new("CylinderMesh", p3)
b3.Name = "Mesh"
p4 = Instance.new("WedgePart", m)
p4.BrickColor = BrickColor.new("Dark stone grey")
p4.Material = Enum.Material.Metal
p4.Name = "Part"
p4.FormFactor = Enum.FormFactor.Custom
p4.Size = Vector3.new(2.20799994, 0.441600233, 0.386399627)
p4.CFrame = CFrame.new(-2.74644089, 4.71997309, 16.4544678, 0.999999464, 1.73146464e-006, -2.98022762e-008, 7.91493449e-007, -0.499999195, -0.866025627, -1.52159919e-006, 0.866025448, -0.499998927)
p4.Elasticity = 0
p4.BottomSurface = Enum.SurfaceType.Smooth
p4.TopSurface = Enum.SurfaceType.Smooth
p5 = Instance.new("WedgePart", m)
p5.BrickColor = BrickColor.new("Black")
p5.Material = Enum.Material.Metal
p5.Name = "Part"
p5.FormFactor = Enum.FormFactor.Custom
p5.Size = Vector3.new(0.275999993, 0.275999993, 0.55200094)
p5.CFrame = CFrame.new(-3.29842091, 4.91454983, 16.6364021, 8.94069387e-008, -0.999997318, -4.67434205e-007, 0.965923488, 2.23517418e-007, -0.258812815, 0.258812964, -4.02331182e-007, 0.96592468)
p5.Elasticity = 0
p5.BottomSurface = Enum.SurfaceType.Smooth
p5.TopSurface = Enum.SurfaceType.Smooth
p6 = Instance.new("Part", m)
p6.BrickColor = BrickColor.new("Deep blue")
p6.Material = Enum.Material.Metal
p6.FormFactor = Enum.FormFactor.Custom
p6.Size = Vector3.new(0.275999993, 1.37999988, 0.275999993)
p6.CFrame = CFrame.new(-1.91843498, 3.81192899, 14.2564478, -0.999999166, -1.08694556e-008, 9.25678094e-008, 2.9166193e-008, -0.999999583, -2.75478328e-007, 1.19209226e-007, -2.15873598e-007, 0.999999106)
p6.Elasticity = 0
p6.TopSurface = Enum.SurfaceType.Smooth
b4 = Instance.new("CylinderMesh", p6)
b4.Name = "Mesh"
p7 = Instance.new("Part", m)
p7.BrickColor = BrickColor.new("Deep blue")
p7.Material = Enum.Material.Metal
p7.FormFactor = Enum.FormFactor.Custom
p7.Size = Vector3.new(0.552000046, 1.93199992, 0.551999986)
p7.CFrame = CFrame.new(-2.19441795, 3.97063494, 12.7969284, -0.999999464, 2.92945668e-008, 3.8567034e-009, -2.72981993e-008, -0.866025209, -0.49999994, -1.13072822e-008, -0.499999762, 0.866025031)
p7.Elasticity = 0
p7.TopSurface = Enum.SurfaceType.Smooth
b5 = Instance.new("CylinderMesh", p7)
b5.Name = "Mesh"
p8 = Instance.new("Part", m)
p8.BrickColor = BrickColor.new("Deep blue")
p8.Material = Enum.Material.Metal
p8.FormFactor = Enum.FormFactor.Custom
p8.Size = Vector3.new(0.634799898, 0.275999993, 0.275999993)
p8.CFrame = CFrame.new(2.16774297, 4.56127691, 17.1660271, -0.0418891311, 0.498241752, -0.866024971, -0.32799077, 0.811892033, 0.482962817, 0.943751216, 0.304279, 0.129409373)
p8.Elasticity = 0
p8.BottomSurface = Enum.SurfaceType.Smooth
p8.TopSurface = Enum.SurfaceType.Smooth
b6 = Instance.new("SpecialMesh", p8)
b6.MeshType = Enum.MeshType.Brick
b6.Name = "Mesh"
b6.Scale = Vector3.new(1, 0.5, 1)
p9 = Instance.new("Part", m)
p9.BrickColor = BrickColor.new("Dark stone grey")
p9.FormFactor = Enum.FormFactor.Custom
p9.Size = Vector3.new(0.342175931, 1.23183358, 0.342175961)
p9.CFrame = CFrame.new(-2.74291611, 4.30673313, 10.8669004, 0.999982953, -3.67550565e-005, -0.00540920114, -0.00540113216, -0.0646473765, -0.99789381, -0.000314213918, 0.997906685, -0.0646456927)
p9.BackSurface = Enum.SurfaceType.Weld
p9.BottomSurface = Enum.SurfaceType.Weld
p9.FrontSurface = Enum.SurfaceType.Weld
p9.LeftSurface = Enum.SurfaceType.Weld
p9.RightSurface = Enum.SurfaceType.Weld
p9.TopSurface = Enum.SurfaceType.Weld
b7 = Instance.new("CylinderMesh", p9)
b7.Name = "Mesh"
b7.Scale = Vector3.new(1, 1, 0.5)
p10 = Instance.new("Part", m)
p10.BrickColor = BrickColor.new("Really red")
p10.Material = Enum.Material.Metal
p10.FormFactor = Enum.FormFactor.Custom
p10.Size = Vector3.new(0.634799957, 0.275999993, 1.93200016)
p10.CFrame = CFrame.new(-2.74644089, 4.90765476, 18.055479, 3.36679555e-008, 5.67563641e-009, 0.999999642, -0.258819014, 0.965925694, 3.2316505e-009, -0.965925336, -0.258818895, 3.39897355e-008)
p10.Elasticity = 0
p10.BottomSurface = Enum.SurfaceType.Smooth
p10.TopSurface = Enum.SurfaceType.Smooth
b8 = Instance.new("SpecialMesh", p10)
b8.MeshType = Enum.MeshType.Brick
b8.Name = "Mesh"
p11 = Instance.new("Part", m)
p11.BrickColor = BrickColor.new("Dark stone grey")
p11.Material = Enum.Material.Metal
p11.FormFactor = Enum.FormFactor.Custom
p11.Size = Vector3.new(0.634799898, 0.275999993, 0.551999986)
p11.CFrame = CFrame.new(1.848961, 4.40671778, 15.4882002, 1.04308086e-007, 3.16649533e-008, 0.999999046, -0.570796013, 0.821091831, 2.10239115e-008, -0.821091413, -0.570795774, 1.08306459e-007)
p11.Elasticity = 0
p11.BottomSurface = Enum.SurfaceType.Smooth
p11.TopSurface = Enum.SurfaceType.Smooth
b9 = Instance.new("SpecialMesh", p11)
b9.MeshType = Enum.MeshType.Brick
b9.Name = "Mesh"
b9.Scale = Vector3.new(1, 0.5, 1)
p12 = Instance.new("Part", m)
p12.BrickColor = BrickColor.new("Deep blue")
p12.Material = Enum.Material.Metal
p12.FormFactor = Enum.FormFactor.Custom
p12.Size = Vector3.new(1.44900012, 1.10399997, 0.275999993)
p12.CFrame = CFrame.new(1.291448, 3.67393208, 15.1081638, -0.258818895, -1.03466782e-008, 0.965925455, -1.3621646e-009, 1, 1.03466808e-008, -0.965925455, 1.3621646e-009, -0.258818895)
p12.Elasticity = 0
p12.BottomSurface = Enum.SurfaceType.Smooth
p12.TopSurface = Enum.SurfaceType.Smooth
b10 = Instance.new("SpecialMesh", p12)
b10.MeshType = Enum.MeshType.Brick
b10.Name = "Mesh"
p13 = Instance.new("Part", m)
p13.BrickColor = BrickColor.new("Dark stone grey")
p13.FormFactor = Enum.FormFactor.Custom
p13.Size = Vector3.new(0.342175931, 0.273740798, 0.342175961)
p13.CFrame = CFrame.new(-2.74294186, 4.26147985, 11.5654354, 0.999982953, 3.67550565e-005, 0.00540920114, -0.00540113216, 0.0646473765, 0.99789381, -0.000314213918, -0.997906685, 0.0646456927)
p13.BackSurface = Enum.SurfaceType.Weld
p13.BottomSurface = Enum.SurfaceType.Weld
p13.FrontSurface = Enum.SurfaceType.Weld
p13.LeftSurface = Enum.SurfaceType.Weld
p13.RightSurface = Enum.SurfaceType.Weld
p13.TopSurface = Enum.SurfaceType.Weld
b11 = Instance.new("CylinderMesh", p13)
b11.Name = "Mesh"
p14 = Instance.new("Part", m)
p14.BrickColor = BrickColor.new("Deep blue")
p14.Material = Enum.Material.Metal
p14.FormFactor = Enum.FormFactor.Custom
p14.Size = Vector3.new(0.91079998, 0.275999993, 0.551999986)
p14.CFrame = CFrame.new(1.80755699, 4.21627998, 17.769783, -1.51052184e-008, -2.94236244e-008, -0.999999344, -0.686056495, 0.727548718, -6.11021411e-009, 0.72754842, 0.686056316, -6.33444586e-008)
p14.Elasticity = 0
p14.BottomSurface = Enum.SurfaceType.Smooth
p14.TopSurface = Enum.SurfaceType.Smooth
b12 = Instance.new("SpecialMesh", p14)
b12.MeshType = Enum.MeshType.Brick
b12.Name = "Mesh"
b12.Scale = Vector3.new(1, 0.5, 1)
p15 = Instance.new("Part", m)
p15.BrickColor = BrickColor.new("Dark stone grey")
p15.Material = Enum.Material.Metal
p15.FormFactor = Enum.FormFactor.Custom
p15.Size = Vector3.new(0.91079998, 0.275999993, 0.275999993)
p15.CFrame = CFrame.new(1.42806804, 3.8257339, 15.0138264, 0.237188116, -0.440160722, 0.866024733, -0.795943379, 0.423053682, 0.433012635, -0.556970358, -0.792012334, -0.249999762)
p15.Elasticity = 0
p15.BottomSurface = Enum.SurfaceType.Smooth
p15.TopSurface = Enum.SurfaceType.Smooth
b13 = Instance.new("SpecialMesh", p15)
b13.MeshType = Enum.MeshType.Brick
b13.Name = "Mesh"
b13.Scale = Vector3.new(1, 0.5, 1)
p16 = Instance.new("Part", m)
p16.BrickColor = BrickColor.new("Deep blue")
p16.Material = Enum.Material.Metal
p16.FormFactor = Enum.FormFactor.Custom
p16.Size = Vector3.new(2.27700019, 1.6559999, 0.275999993)
p16.CFrame = CFrame.new(1.45704496, 3.94993496, 16.9018822, 2.98023117e-008, -1.04368292e-008, 0.999999583, 6.77405687e-010, 1, 1.04368318e-008, -0.999999583, 6.77402134e-010, 2.98023117e-008)
p16.Elasticity = 0
p16.BottomSurface = Enum.SurfaceType.Smooth
p16.TopSurface = Enum.SurfaceType.Smooth
b14 = Instance.new("SpecialMesh", p16)
b14.MeshType = Enum.MeshType.Brick
b14.Name = "Mesh"
p17 = Instance.new("Part", m)
p17.BrickColor = BrickColor.new("Dark stone grey")
p17.Material = Enum.Material.Metal
p17.FormFactor = Enum.FormFactor.Custom
p17.Size = Vector3.new(0.275999993, 0.979800105, 0.275999993)
p17.CFrame = CFrame.new(-2.73953104, 6.44220877, 14.1135941, -1.3315541e-007, 0.999999225, -9.8347607e-007, -0.866025746, -6.02291038e-007, -0.499998689, -0.499998569, 7.79652225e-007, 0.866025627)
p17.Elasticity = 0
p17.TopSurface = Enum.SurfaceType.Smooth
b15 = Instance.new("CylinderMesh", p17)
b15.Name = "Mesh"
p18 = Instance.new("Part", m)
p18.BrickColor = BrickColor.new("Dark stone grey")
p18.Material = Enum.Material.Metal
p18.FormFactor = Enum.FormFactor.Custom
p18.Size = Vector3.new(0.91079998, 0.275999993, 0.551999986)
p18.CFrame = CFrame.new(-2.78782606, 4.51710701, 13.2551355, -1.51052166e-008, -2.94236244e-008, -0.999999344, -0.474376202, 0.880322576, -2.22967742e-008, 0.880322158, 0.474376082, -5.96046235e-008)
p18.Elasticity = 0
p18.BottomSurface = Enum.SurfaceType.Smooth
p18.TopSurface = Enum.SurfaceType.Smooth
b16 = Instance.new("SpecialMesh", p18)
b16.MeshType = Enum.MeshType.Brick
b16.Name = "Mesh"
b16.Scale = Vector3.new(1, 0.5, 1)
p19 = Instance.new("Part", m)
p19.BrickColor = BrickColor.new("Brown")
p19.Material = Enum.Material.Fabric
p19.FormFactor = Enum.FormFactor.Custom
p19.Size = Vector3.new(0.275999993, 0.828000128, 0.551999986)
p19.CFrame = CFrame.new(-0.837909997, 6.23934412, 14.4585896, -1.32880889e-008, 0.965924919, -0.258819759, -0.866025686, -0.129409671, -0.482961655, -0.499998719, 0.224144697, 0.836516261)
p19.Elasticity = 0
p19.TopSurface = Enum.SurfaceType.Smooth
b17 = Instance.new("CylinderMesh", p19)
b17.Name = "Mesh"
b17.Scale = Vector3.new(1.10000002, 1, 1.10000002)
p20 = Instance.new("Part", m)
p20.BrickColor = BrickColor.new("Deep blue")
p20.Material = Enum.Material.Metal
p20.FormFactor = Enum.FormFactor.Custom
p20.Size = Vector3.new(0.91079998, 0.275999993, 0.551999986)
p20.CFrame = CFrame.new(1.848961, 3.8574779, 15.0097857, 1.34110394e-007, 4.47034694e-008, 0.999999046, -0.850983024, 0.525193572, 3.28444898e-008, -0.525193095, -0.850982845, 1.01481838e-007)
p20.Elasticity = 0
p20.BottomSurface = Enum.SurfaceType.Smooth
p20.TopSurface = Enum.SurfaceType.Smooth
b18 = Instance.new("SpecialMesh", p20)
b18.MeshType = Enum.MeshType.Brick
b18.Name = "Mesh"
b18.Scale = Vector3.new(1, 0.5, 1)
p21 = Instance.new("Part", m)
p21.BrickColor = BrickColor.new("Brown")
p21.Material = Enum.Material.Fabric
p21.FormFactor = Enum.FormFactor.Custom
p21.Size = Vector3.new(0.275999993, 0.828000128, 0.551999986)
p21.CFrame = CFrame.new(-4.70189619, 6.23934412, 14.4585962, 6.2631905e-008, 0.965925276, 0.258818001, -0.866025805, 0.129408777, -0.482961714, -0.49999851, -0.224143237, 0.836516619)
p21.Elasticity = 0
p21.TopSurface = Enum.SurfaceType.Smooth
b19 = Instance.new("CylinderMesh", p21)
b19.Name = "Mesh"
b19.Scale = Vector3.new(1.10000002, 1, 1.10000002)
p22 = Instance.new("Part", m)
p22.BrickColor = BrickColor.new("Dark stone grey")
p22.Material = Enum.Material.Metal
p22.FormFactor = Enum.FormFactor.Custom
p22.Size = Vector3.new(0.91079998, 0.275999993, 0.275999993)
p22.CFrame = CFrame.new(-2.54632807, 4.48813677, 13.2686195, -0.237188041, 0.440160841, -0.866024852, -0.410821915, 0.762381613, 0.499999881, 0.880322158, 0.474376023, -7.61395356e-008)
p22.Elasticity = 0
p22.BottomSurface = Enum.SurfaceType.Smooth
p22.TopSurface = Enum.SurfaceType.Smooth
b20 = Instance.new("SpecialMesh", p22)
b20.MeshType = Enum.MeshType.Brick
b20.Name = "Mesh"
b20.Scale = Vector3.new(1, 0.5, 1)
p23 = Instance.new("Part", m)
p23.BrickColor = BrickColor.new("Dark stone grey")
p23.Material = Enum.Material.Metal
p23.FormFactor = Enum.FormFactor.Custom
p23.Size = Vector3.new(0.275999993, 1.65600014, 0.551999986)
p23.CFrame = CFrame.new(-3.98843789, 6.3276701, 14.3036156, -1.55340416e-007, 0.965925336, 0.258817881, -0.866025627, 0.129408643, -0.482962012, -0.499998778, -0.224143162, 0.836516619)
p23.Elasticity = 0
p23.TopSurface = Enum.SurfaceType.Smooth
b21 = Instance.new("CylinderMesh", p23)
b21.Name = "Mesh"
p24 = Instance.new("Part", m)
p24.BrickColor = BrickColor.new("Mid gray")
p24.Material = Enum.Material.Metal
p24.Transparency = 1
p24.FormFactor = Enum.FormFactor.Custom
p24.Size = Vector3.new(0.607200027, 0.275999993, 0.772799909)
p24.CFrame = CFrame.new(-2.77541804, 5.53969193, 13.282094, 1.37285656e-006, -0.999999166, -1.60932416e-006, 0.999999881, 1.35735627e-006, 1.4440667e-006, -1.38446012e-006, -1.71574345e-006, 0.999998987)
p24.BackSurface = Enum.SurfaceType.Weld
p24.BottomSurface = Enum.SurfaceType.Weld
p24.FrontSurface = Enum.SurfaceType.Weld
p24.LeftSurface = Enum.SurfaceType.Weld
p24.RightSurface = Enum.SurfaceType.Weld
p24.TopSurface = Enum.SurfaceType.Weld
b22 = Instance.new("SpecialMesh", p24)
b22.MeshType = Enum.MeshType.Head
b22.Name = "Mesh"
x1 = Instance.new("SpotLight", p24)
x1.Name = "Light"
x1.Angle = 100
x1.Color = Color3.new(0.956863, 1, 0.913726)
x1.Brightness = 5
x1.Range = 30
p25 = Instance.new("Part", m)
p25.BrickColor = BrickColor.new("Really red")
p25.Material = Enum.Material.Metal
p25.FormFactor = Enum.FormFactor.Custom
p25.Size = Vector3.new(1.38, 0.275999993, 1.38)
p25.CFrame = CFrame.new(0.841571987, 3.25993991, 18.1215191, 0, -9.52904231e-016, 0.999999642, 1.77635684e-015, 1, -9.52904231e-016, -0.999999642, -1.77635684e-015, 0)
p25.Elasticity = 0
p25.TopSurface = Enum.SurfaceType.Smooth
b23 = Instance.new("CylinderMesh", p25)
b23.Name = "Mesh"
p26 = Instance.new("Part", m)
p26.BrickColor = BrickColor.new("Deep blue")
p26.Material = Enum.Material.Neon
p26.Name = "PartWithNeon"
p26.FormFactor = Enum.FormFactor.Custom
p26.Size = Vector3.new(0.634799898, 0.275999993, 0.551999986)
p26.CFrame = CFrame.new(-2.74644089, 4.75447798, 18.8290215, 3.50035485e-008, 8.02875544e-011, 0.999999642, -0.0837779716, 0.996484399, 2.85250668e-009, -0.996484041, -0.0837779418, 3.48872398e-008)
p26.Elasticity = 0
p26.BottomSurface = Enum.SurfaceType.Smooth
p26.TopSurface = Enum.SurfaceType.Smooth
b24 = Instance.new("SpecialMesh", p26)
b24.MeshType = Enum.MeshType.Brick
b24.Name = "Mesh"
b24.Scale = Vector3.new(1, 0.5, 1)
p27 = Instance.new("Part", m)
p27.BrickColor = BrickColor.new("Dark stone grey")
p27.Name = "Rotator"
p27.FormFactor = Enum.FormFactor.Custom
p27.Size = Vector3.new(0.684351861, 0.684351921, 2.05305576)
p27.CFrame = CFrame.new(-2.7762711, 4.23327112, 12.646184, 0.999982953, 0.00540920114, -3.67550565e-005, -0.00540113216, 0.99789381, -0.0646473765, -0.000314213918, 0.0646456927, 0.997906685)
p27.BackSurface = Enum.SurfaceType.Weld
p27.BottomSurface = Enum.SurfaceType.Weld
p27.FrontSurface = Enum.SurfaceType.Weld
p27.TopSurface = Enum.SurfaceType.Weld
x2 = Instance.new("BodyGyro", p27)
x2.maxTorque = Vector3.new(1000, 0, 0)
x2.cframe = CFrame.new(0, 0, 0, 1, 2.2594013e-006, -4.30987529e-005, -2.22272829e-005, 0.882953703, -0.469459474, 3.69936279e-005, 0.469459474, 0.882953703)
b25 = Instance.new("BlockMesh", p27)
b25.Name = "Mesh"
p28 = Instance.new("Part", m)
p28.BrickColor = BrickColor.new("Deep blue")
p28.Material = Enum.Material.Neon
p28.Name = "PartWithNeon"
p28.FormFactor = Enum.FormFactor.Custom
p28.Size = Vector3.new(0.634799898, 0.275999993, 0.551999986)
p28.CFrame = CFrame.new(-2.74643993, 4.74067497, 19.4354801, 3.48875879e-008, 1.10922382e-010, 0.999999642, 0.111387588, 0.993776619, -3.99629307e-009, -0.993776262, 0.111387543, 3.46581466e-008)
p28.Elasticity = 0
p28.BottomSurface = Enum.SurfaceType.Smooth
p28.TopSurface = Enum.SurfaceType.Smooth
b26 = Instance.new("SpecialMesh", p28)
b26.MeshType = Enum.MeshType.Brick
b26.Name = "Mesh"
b26.Scale = Vector3.new(1, 0.5, 1)
p29 = Instance.new("Part", m)
p29.BrickColor = BrickColor.new("Deep blue")
p29.Material = Enum.Material.Neon
p29.Name = "PartWithNeon"
p29.FormFactor = Enum.FormFactor.Custom
p29.Size = Vector3.new(1.38, 1.37999988, 1.38)
p29.CFrame = CFrame.new(1.45704496, 4.50193691, 15.1078882, 1.04368292e-008, 2.98023117e-008, 0.999999583, -1, 6.77405687e-010, 1.04368318e-008, -6.77402134e-010, -0.999999583, 2.98023117e-008)
p29.Elasticity = 0
p29.BottomSurface = Enum.SurfaceType.Weld
p29.FrontSurface = Enum.SurfaceType.Weld
p29.RightSurface = Enum.SurfaceType.Weld
p29.TopSurface = Enum.SurfaceType.Smooth
b27 = Instance.new("SpecialMesh", p29)
b27.MeshId = "http://www.roblox.com/asset/?id=11294911"
b27.TextureId = ""
b27.MeshType = Enum.MeshType.FileMesh
b27.Name = "Mesh"
b27.Scale = Vector3.new(1.10399997, 2.75999975, 0.689999998)
p30 = Instance.new("Part", m)
p30.BrickColor = BrickColor.new("Dark stone grey")
p30.Material = Enum.Material.Metal
p30.FormFactor = Enum.FormFactor.Custom
p30.Size = Vector3.new(0.275999993, 1.65600014, 0.551999986)
p30.CFrame = CFrame.new(-1.50443006, 6.32904911, 14.3036137, -1.32880889e-008, 0.965924919, -0.258819759, -0.866025686, -0.129409671, -0.482961655, -0.499998719, 0.224144697, 0.836516261)
p30.Elasticity = 0
p30.TopSurface = Enum.SurfaceType.Smooth
b28 = Instance.new("CylinderMesh", p30)
b28.Name = "Mesh"
p31 = Instance.new("Part", m)
p31.BrickColor = BrickColor.new("Deep blue")
p31.Material = Enum.Material.Neon
p31.Name = "PartWithNeon"
p31.FormFactor = Enum.FormFactor.Custom
p31.Size = Vector3.new(1.38, 1.37999988, 1.38)
p31.CFrame = CFrame.new(-1.45475495, 4.50193691, 15.1078882, 0.999999583, 2.98023117e-008, -1.04368292e-008, 1.04368318e-008, 6.77405687e-010, 1, 2.98023117e-008, -0.999999583, 6.77402134e-010)
p31.Elasticity = 0
p31.BottomSurface = Enum.SurfaceType.Weld
p31.FrontSurface = Enum.SurfaceType.Weld
p31.RightSurface = Enum.SurfaceType.Weld
p31.TopSurface = Enum.SurfaceType.Smooth
b29 = Instance.new("SpecialMesh", p31)
b29.MeshId = "http://www.roblox.com/asset/?id=11294911"
b29.TextureId = ""
b29.MeshType = Enum.MeshType.FileMesh
b29.Name = "Mesh"
b29.Scale = Vector3.new(0.689999998, 2.75999975, 1.10399997)
p32 = Instance.new("WedgePart", m)
p32.BrickColor = BrickColor.new("Black")
p32.Material = Enum.Material.Metal
p32.Name = "Part"
p32.FormFactor = Enum.FormFactor.Custom
p32.Size = Vector3.new(0.275999993, 0.275999993, 0.55200094)
p32.CFrame = CFrame.new(-2.19441795, 4.92835379, 16.6364002, 2.13933085e-008, 0.999997735, -1.92643299e-007, -0.965922058, 1.29511895e-008, -0.258818507, -0.258818746, 1.32011593e-007, 0.965923309)
p32.Elasticity = 0
p32.BottomSurface = Enum.SurfaceType.Smooth
p32.TopSurface = Enum.SurfaceType.Smooth
p33 = Instance.new("WedgePart", m)
p33.BrickColor = BrickColor.new("Really red")
p33.Material = Enum.Material.Metal
p33.Name = "Part"
p33.FormFactor = Enum.FormFactor.Custom
p33.Size = Vector3.new(0.275999993, 0.551999986, 1.65600002)
p33.CFrame = CFrame.new(-1.24224901, 3.246135, 15.2227116, -2.98023117e-008, -0.999999464, 0, 0.999999821, -2.98023224e-008, -1.77635684e-015, -1.77635684e-015, 0, 0.999999642)
p33.Elasticity = 0
p33.BottomSurface = Enum.SurfaceType.Smooth
p33.TopSurface = Enum.SurfaceType.Smooth
p34 = Instance.new("WedgePart", m)
p34.BrickColor = BrickColor.new("Black")
p34.Material = Enum.Material.Metal
p34.Name = "Part"
p34.FormFactor = Enum.FormFactor.Custom
p34.Size = Vector3.new(0.275999993, 0.275999993, 0.91079998)
p34.CFrame = CFrame.new(-1.91843498, 4.84692478, 17.3344879, -1.91105549e-008, 0.999997735, -1.86286456e-007, -0.999996245, 2.30362538e-008, 7.74860382e-007, 8.49365847e-007, 1.26681954e-007, 0.999997556)
p34.Elasticity = 0
p34.BottomSurface = Enum.SurfaceType.Smooth
p34.TopSurface = Enum.SurfaceType.Smooth
p35 = Instance.new("WedgePart", m)
p35.BrickColor = BrickColor.new("Deep blue")
p35.Material = Enum.Material.Metal
p35.Name = "Part"
p35.FormFactor = Enum.FormFactor.Custom
p35.Size = Vector3.new(2.51160049, 0.551999986, 1.38)
p35.CFrame = CFrame.new(-0.000239000001, 4.50192976, 15.0852518, 0.999999642, -9.52904231e-016, 0, -9.52904231e-016, 1, -1.77635684e-015, 0, -1.77635684e-015, 0.999999642)
p35.Elasticity = 0
p35.BottomSurface = Enum.SurfaceType.Smooth
p35.TopSurface = Enum.SurfaceType.Smooth
p36 = Instance.new("WedgePart", m)
p36.BrickColor = BrickColor.new("Dark stone grey")
p36.Material = Enum.Material.Metal
p36.Name = "Part"
p36.FormFactor = Enum.FormFactor.Custom
p36.Size = Vector3.new(0.275999993, 0.551999986, 1.65600002)
p36.CFrame = CFrame.new(1.24175406, 3.246135, 15.2227116, -2.98023117e-008, 0.999999046, 0, -0.999999404, -2.98023224e-008, -1.77635684e-015, 1.77635684e-015, 0, 0.999999642)
p36.Elasticity = 0
p36.BottomSurface = Enum.SurfaceType.Smooth
p36.TopSurface = Enum.SurfaceType.Smooth
p37 = Instance.new("WedgePart", m)
p37.BrickColor = BrickColor.new("Dark stone grey")
p37.Name = "Part"
p37.FormFactor = Enum.FormFactor.Custom
p37.Size = Vector3.new(0.73999995, 0.74000001, 0.73999995)
p37.CFrame = CFrame.new(-2.77417588, 4.5877142, 13.526824, -0.999983609, 0.00496029714, -0.000233322018, 0.00493569486, 0.997858763, 0.0652304888, 0.000557492604, 0.0652273744, -0.997868598)
p37.BackSurface = Enum.SurfaceType.Weld
p37.BottomSurface = Enum.SurfaceType.Weld
p37.TopSurface = Enum.SurfaceType.Smooth
b30 = Instance.new("SpecialMesh", p37)
b30.MeshType = Enum.MeshType.Wedge
b30.Name = "Mesh"
b30.Scale = Vector3.new(0.92479986, 0.184959993, 0.46239996)
p38 = Instance.new("WedgePart", m)
p38.BrickColor = BrickColor.new("Dark stone grey")
p38.Name = "Part"
p38.FormFactor = Enum.FormFactor.Custom
p38.Size = Vector3.new(0.73999995, 0.74000001, 0.73999995)
p38.CFrame = CFrame.new(-2.77852297, 3.87856603, 11.7655382, -0.999980867, -0.00495998794, 0.000233618252, 0.00493593374, -0.99785912, -0.065230757, 0.000557151274, -0.0652271807, 0.997868776)
p38.BackSurface = Enum.SurfaceType.Weld
p38.BottomSurface = Enum.SurfaceType.Weld
p38.TopSurface = Enum.SurfaceType.Smooth
b31 = Instance.new("SpecialMesh", p38)
b31.MeshType = Enum.MeshType.Wedge
b31.Name = "Mesh"
b31.Scale = Vector3.new(0.92479986, 0.184959993, 0.46239996)
p39 = Instance.new("WedgePart", m)
p39.BrickColor = BrickColor.new("Dark stone grey")
p39.Name = "Part"
p39.FormFactor = Enum.FormFactor.Custom
p39.Size = Vector3.new(0.73999995, 0.74000001, 0.73999995)
p39.CFrame = CFrame.new(-2.77380395, 4.69800997, 11.8188524, 0.999983609, 0.00496023521, 0.000233321058, -0.00493567856, 0.997858584, -0.0652305037, -0.000557433465, 0.0652272701, 0.997868657)
p39.BackSurface = Enum.SurfaceType.Weld
p39.BottomSurface = Enum.SurfaceType.Weld
p39.TopSurface = Enum.SurfaceType.Smooth
b32 = Instance.new("SpecialMesh", p39)
b32.MeshType = Enum.MeshType.Wedge
b32.Name = "Mesh"
b32.Scale = Vector3.new(0.92479986, 0.184959993, 0.46239996)
p40 = Instance.new("WedgePart", m)
p40.BrickColor = BrickColor.new("Dark stone grey")
p40.Material = Enum.Material.Metal
p40.Name = "Part"
p40.FormFactor = Enum.FormFactor.Custom
p40.Size = Vector3.new(2.20799994, 0.441600233, 0.275999993)
p40.CFrame = CFrame.new(-2.74644089, 4.44258499, 16.2752228, -0.999999285, 1.50501683e-006, 2.88707747e-006, 1.84029341e-006, -0.499998689, 0.866025627, 2.72691159e-006, 0.866025269, 0.49999851)
p40.Elasticity = 0
p40.BottomSurface = Enum.SurfaceType.Smooth
p40.TopSurface = Enum.SurfaceType.Smooth
p41 = Instance.new("Part", m)
p41.BrickColor = BrickColor.new("Deep blue")
p41.Material = Enum.Material.Metal
p41.Name = "StickerArea"
p41.FormFactor = Enum.FormFactor.Custom
p41.Size = Vector3.new(1.65600002, 2.20799994, 1.65600002)
p41.CFrame = CFrame.new(-2.74644089, 5.19192791, 14.3952522, -9.52904231e-016, -0.999999642, 0, 1, 9.52904231e-016, -1.77635684e-015, -1.77635684e-015, 0, 0.999999642)
p41.Elasticity = 0
p41.TopSurface = Enum.SurfaceType.Smooth
b33 = Instance.new("CylinderMesh", p41)
b33.Name = "Mesh"
d1 = Instance.new("Decal", p41)
d1.Texture = "http://www.roblox.com/asset/?id=262554717"
d1.Face = Enum.NormalId.Top
p42 = Instance.new("WedgePart", m)
p42.BrickColor = BrickColor.new("Dark stone grey")
p42.Material = Enum.Material.Metal
p42.Name = "Part"
p42.FormFactor = Enum.FormFactor.Custom
p42.Size = Vector3.new(2.20799994, 1.6559999, 0.897000194)
p42.CFrame = CFrame.new(-2.74644089, 4.44949293, 15.0865984, -0.999999642, 2.80302608e-008, 9.24920762e-009, -6.00508843e-009, -0.500000119, 0.866025329, 2.88995263e-008, 0.866024911, 0.499999911)
p42.Elasticity = 0
p42.BottomSurface = Enum.SurfaceType.Smooth
p42.TopSurface = Enum.SurfaceType.Smooth
p43 = Instance.new("Part", m)
p43.BrickColor = BrickColor.new("Really red")
p43.Material = Enum.Material.Metal
p43.FormFactor = Enum.FormFactor.Custom
p43.Size = Vector3.new(2.04240012, 0.275999993, 1.38)
p43.CFrame = CFrame.new(0.0135610001, 3.25993991, 15.1216402, 0.999999464, -2.13392504e-009, -2.98023117e-008, 2.13392415e-009, 1, 9.62241753e-009, 2.98023117e-008, -9.62241753e-009, 0.999999464)
p43.Elasticity = 0
p43.BottomSurface = Enum.SurfaceType.Smooth
p43.TopSurface = Enum.SurfaceType.Smooth
b34 = Instance.new("SpecialMesh", p43)
b34.MeshType = Enum.MeshType.Brick
b34.Name = "Mesh"
p44 = Instance.new("Part", m)
p44.BrickColor = BrickColor.new("Deep blue")
p44.Material = Enum.Material.Metal
p44.FormFactor = Enum.FormFactor.Custom
p44.Size = Vector3.new(0.275999993, 1.6559999, 0.275999993)
p44.CFrame = CFrame.new(-1.34987295, 3.94993496, 18.3115311, -0.499999672, 5.96046235e-008, -0.866024852, -2.98023188e-008, -0.999999702, -8.94069672e-008, -0.866024971, -2.96317371e-009, 0.499999821)
p44.Elasticity = 0
p44.BottomSurface = Enum.SurfaceType.Smooth
p44.TopSurface = Enum.SurfaceType.Smooth
b35 = Instance.new("SpecialMesh", p44)
b35.MeshType = Enum.MeshType.Brick
b35.Name = "Mesh"
p45 = Instance.new("Part", m)
p45.BrickColor = BrickColor.new("Deep blue")
p45.Material = Enum.Material.Metal
p45.FormFactor = Enum.FormFactor.Custom
p45.Size = Vector3.new(0.91079998, 0.275999993, 0.275999993)
p45.CFrame = CFrame.new(2.07251692, 3.84505296, 15.0192156, -0.237188101, 0.440161049, 0.866024673, -0.79594326, 0.423053741, -0.433012694, -0.556970239, -0.792012215, 0.25000003)
p45.Elasticity = 0
p45.BottomSurface = Enum.SurfaceType.Smooth
p45.TopSurface = Enum.SurfaceType.Smooth
b36 = Instance.new("SpecialMesh", p45)
b36.MeshType = Enum.MeshType.Brick
b36.Name = "Mesh"
b36.Scale = Vector3.new(1, 0.5, 1)
p46 = Instance.new("Part", m)
p46.BrickColor = BrickColor.new("Really red")
p46.Material = Enum.Material.Metal
p46.FormFactor = Enum.FormFactor.Custom
p46.Size = Vector3.new(1.49040008, 0.275999993, 1.10399997)
p46.CFrame = CFrame.new(0.0135610001, 3.25993991, 18.0204411, 0.999999464, -2.13392504e-009, -2.98023117e-008, 2.13392415e-009, 1, 9.62241753e-009, 2.98023117e-008, -9.62241753e-009, 0.999999464)
p46.Elasticity = 0
p46.BottomSurface = Enum.SurfaceType.Smooth
p46.TopSurface = Enum.SurfaceType.Smooth
b37 = Instance.new("SpecialMesh", p46)
b37.MeshType = Enum.MeshType.Brick
b37.Name = "Mesh"
p47 = Instance.new("Part", m)
p47.BrickColor = BrickColor.new("Deep blue")
p47.Material = Enum.Material.Metal
p47.FormFactor = Enum.FormFactor.Custom
p47.Size = Vector3.new(0.552000165, 1.93199992, 0.552000165)
p47.CFrame = CFrame.new(-1.84942997, 3.5386951, 18.2805443, -0.999999464, 2.21947545e-008, -6.34940722e-009, -1.65961325e-008, -0.499999762, 0.866024971, 1.6046517e-008, 0.866024911, 0.499999702)
p47.Elasticity = 0
p47.TopSurface = Enum.SurfaceType.Smooth
b38 = Instance.new("CylinderMesh", p47)
b38.Name = "Mesh"
p48 = Instance.new("Part", m)
p48.BrickColor = BrickColor.new("Deep blue")
p48.Material = Enum.Material.Metal
p48.FormFactor = Enum.FormFactor.Custom
p48.Size = Vector3.new(0.634799898, 0.275999993, 0.551999986)
p48.CFrame = CFrame.new(1.80755699, 4.7668891, 16.5784512, -5.9556708e-008, -3.86880394e-008, -0.999999344, -0.149616152, 0.988743722, -2.59097828e-008, 0.988743246, 0.149616152, -6.86497472e-008)
p48.Elasticity = 0
p48.BottomSurface = Enum.SurfaceType.Smooth
p48.TopSurface = Enum.SurfaceType.Smooth
b39 = Instance.new("SpecialMesh", p48)
b39.MeshType = Enum.MeshType.Brick
b39.Name = "Mesh"
b39.Scale = Vector3.new(1, 0.5, 1)
p49 = Instance.new("Part", m)
p49.BrickColor = BrickColor.new("Dark stone grey")
p49.Material = Enum.Material.Metal
p49.FormFactor = Enum.FormFactor.Custom
p49.Size = Vector3.new(0.275999993, 1.6559999, 0.275999993)
p49.CFrame = CFrame.new(-1.20221496, 3.94993496, 18.4867306, -0.707106233, 5.96046235e-008, -0.707106173, 2.98023224e-008, -0.999999702, -4.4408921e-016, -0.707106471, -5.96665117e-009, 0.707106531)
p49.Elasticity = 0
p49.BottomSurface = Enum.SurfaceType.Smooth
p49.TopSurface = Enum.SurfaceType.Smooth
b40 = Instance.new("SpecialMesh", p49)
b40.MeshType = Enum.MeshType.Brick
b40.Name = "Mesh"
p50 = Instance.new("Part", m)
p50.BrickColor = BrickColor.new("Dark stone grey")
p50.Material = Enum.Material.Metal
p50.FormFactor = Enum.FormFactor.Custom
p50.Size = Vector3.new(0.275999993, 1.6559999, 0.275999993)
p50.CFrame = CFrame.new(-1.43268597, 3.94993496, 18.1188221, -0.258818924, 5.96046235e-008, -0.965925217, 1.77635684e-015, -0.999999702, -1.49011612e-008, -0.965925395, -9.90788784e-010, 0.258818924)
p50.Elasticity = 0
p50.BottomSurface = Enum.SurfaceType.Smooth
p50.TopSurface = Enum.SurfaceType.Smooth
b41 = Instance.new("SpecialMesh", p50)
b41.MeshType = Enum.MeshType.Brick
b41.Name = "Mesh"
p51 = Instance.new("Part", m)
p51.BrickColor = BrickColor.new("Deep blue")
p51.Material = Enum.Material.Metal
p51.FormFactor = Enum.FormFactor.Custom
p51.Size = Vector3.new(1.10399997, 0.275999993, 1.65600002)
p51.CFrame = CFrame.new(1.10376596, 3.67393208, 14.4087296, 1.03466764e-008, -0.965925395, 0.258818895, 1, -1.03466808e-008, -7.85908227e-008, 7.85907801e-008, 0.258818895, 0.965925395)
p51.Elasticity = 0
p51.TopSurface = Enum.SurfaceType.Smooth
b42 = Instance.new("CylinderMesh", p51)
b42.Name = "Mesh"
p52 = Instance.new("Part", m)
p52.BrickColor = BrickColor.new("Dark stone grey")
p52.Material = Enum.Material.Metal
p52.FormFactor = Enum.FormFactor.Custom
p52.Size = Vector3.new(0.91079998, 0.275999993, 0.275999993)
p52.CFrame = CFrame.new(-2.52288294, 4.50192976, 18.1417351, -0.237187997, 0.440161109, 0.866025031, -0.410821885, 0.762381673, -0.49999997, -0.880322218, -0.474376053, 3.05156966e-008)
p52.Elasticity = 0
p52.BottomSurface = Enum.SurfaceType.Smooth
p52.TopSurface = Enum.SurfaceType.Smooth
b43 = Instance.new("SpecialMesh", p52)
b43.MeshType = Enum.MeshType.Brick
b43.Name = "Mesh"
b43.Scale = Vector3.new(1, 0.5, 1)
p53 = Instance.new("Part", m)
p53.BrickColor = BrickColor.new("Dark stone grey")
p53.Material = Enum.Material.Metal
p53.FormFactor = Enum.FormFactor.Custom
p53.Size = Vector3.new(0.91079998, 0.275999993, 0.551999986)
p53.CFrame = CFrame.new(-2.74644089, 4.51710701, 18.1417351, 3.46916309e-008, -5.09459142e-011, 0.999999642, -0.474376231, 0.880322576, 1.65017298e-008, -0.880322218, -0.474376053, 3.05156931e-008)
p53.Elasticity = 0
p53.BottomSurface = Enum.SurfaceType.Smooth
p53.TopSurface = Enum.SurfaceType.Smooth
b44 = Instance.new("SpecialMesh", p53)
b44.MeshType = Enum.MeshType.Brick
b44.Name = "Mesh"
b44.Scale = Vector3.new(1, 0.5, 1)
p54 = Instance.new("Part", m)
p54.BrickColor = BrickColor.new("Really red")
p54.Material = Enum.Material.Metal
p54.FormFactor = Enum.FormFactor.Custom
p54.Size = Vector3.new(1.38, 0.275999993, 1.38)
p54.CFrame = CFrame.new(-0.814431012, 3.25993991, 18.1215191, 0, -9.52904231e-016, 0.999999642, 1.77635684e-015, 1, -9.52904231e-016, -0.999999642, -1.77635684e-015, 0)
p54.Elasticity = 0
p54.TopSurface = Enum.SurfaceType.Smooth
b45 = Instance.new("CylinderMesh", p54)
b45.Name = "Mesh"
p55 = Instance.new("Part", m)
p55.BrickColor = BrickColor.new("Deep blue")
p55.Material = Enum.Material.Metal
p55.FormFactor = Enum.FormFactor.Custom
p55.Size = Vector3.new(1.10399997, 2.20799994, 1.65600002)
p55.CFrame = CFrame.new(0.0135610001, 3.67393208, 14.3952522, -9.52904231e-016, -0.999999642, 0, 1, 9.52904231e-016, -1.77635684e-015, -1.77635684e-015, 0, 0.999999642)
p55.Elasticity = 0
p55.TopSurface = Enum.SurfaceType.Smooth
b46 = Instance.new("CylinderMesh", p55)
b46.Name = "Mesh"
p56 = Instance.new("Part", m)
p56.BrickColor = BrickColor.new("Dark stone grey")
p56.Material = Enum.Material.Metal
p56.FormFactor = Enum.FormFactor.Custom
p56.Size = Vector3.new(1.44900012, 1.10399997, 0.275999993)
p56.CFrame = CFrame.new(-1.28916299, 3.67393208, 15.1081638, 0.258818924, -1.0222692e-008, 0.965925395, 1.70720504e-009, 1, 1.01258673e-008, -0.965925395, -9.71737357e-010, 0.258818924)
p56.Elasticity = 0
p56.BottomSurface = Enum.SurfaceType.Smooth
p56.TopSurface = Enum.SurfaceType.Smooth
b47 = Instance.new("SpecialMesh", p56)
b47.MeshType = Enum.MeshType.Brick
b47.Name = "Mesh"
p57 = Instance.new("Part", m)
p57.BrickColor = BrickColor.new("Deep blue")
p57.Material = Enum.Material.Metal
p57.FormFactor = Enum.FormFactor.Custom
p57.Size = Vector3.new(0.634799898, 0.275999993, 0.551999986)
p57.CFrame = CFrame.new(1.80755699, 4.62337399, 17.1687279, -1.04344132e-007, -3.68242361e-008, -0.999999344, -0.338832438, 0.940846682, -1.92943528e-008, 0.940846205, 0.338832319, -6.68771492e-008)
p57.Elasticity = 0
p57.BottomSurface = Enum.SurfaceType.Smooth
p57.TopSurface = Enum.SurfaceType.Smooth
b48 = Instance.new("SpecialMesh", p57)
b48.MeshType = Enum.MeshType.Brick
b48.Name = "Mesh"
b48.Scale = Vector3.new(1, 0.5, 1)
p58 = Instance.new("Part", m)
p58.BrickColor = BrickColor.new("Deep blue")
p58.Material = Enum.Material.Metal
p58.FormFactor = Enum.FormFactor.Custom
p58.Size = Vector3.new(0.634799898, 0.275999993, 0.551999986)
p58.CFrame = CFrame.new(1.848961, 4.69927692, 16.0205154, 1.34110394e-007, 3.53902436e-008, 0.999999046, -0.400423646, 0.916329563, 1.50926809e-008, -0.916328907, -0.400423765, 1.11730849e-007)
p58.Elasticity = 0
p58.BottomSurface = Enum.SurfaceType.Smooth
p58.TopSurface = Enum.SurfaceType.Smooth
b49 = Instance.new("SpecialMesh", p58)
b49.MeshType = Enum.MeshType.Brick
b49.Name = "Mesh"
b49.Scale = Vector3.new(1, 0.5, 1)
p59 = Instance.new("Part", m)
p59.BrickColor = BrickColor.new("Deep blue")
p59.Material = Enum.Material.Metal
p59.FormFactor = Enum.FormFactor.Custom
p59.Size = Vector3.new(0.414000005, 1.93199992, 0.552000165)
p59.CFrame = CFrame.new(-1.84942997, 4.36668921, 16.8466339, -0.999999464, 2.21947545e-008, -6.34940722e-009, -1.65961325e-008, -0.499999762, 0.866024971, 1.6046517e-008, 0.866024911, 0.499999702)
p59.Elasticity = 0
p59.TopSurface = Enum.SurfaceType.Smooth
b50 = Instance.new("CylinderMesh", p59)
b50.Name = "Mesh"
p60 = Instance.new("Part", m)
p60.BrickColor = BrickColor.new("Deep blue")
p60.Material = Enum.Material.Metal
p60.FormFactor = Enum.FormFactor.Custom
p60.Size = Vector3.new(2.27700019, 1.6559999, 0.275999993)
p60.CFrame = CFrame.new(-1.45475495, 3.94993496, 16.9018822, 2.98023117e-008, -1.04368292e-008, 0.999999583, 6.77405687e-010, 1, 1.04368318e-008, -0.999999583, 6.77402134e-010, 2.98023117e-008)
p60.Elasticity = 0
p60.BottomSurface = Enum.SurfaceType.Smooth
p60.TopSurface = Enum.SurfaceType.Smooth
b51 = Instance.new("SpecialMesh", p60)
b51.MeshType = Enum.MeshType.Brick
b51.Name = "Mesh"
p61 = Instance.new("Part", m)
p61.BrickColor = BrickColor.new("Deep blue")
p61.Material = Enum.Material.Metal
p61.FormFactor = Enum.FormFactor.Custom
p61.Size = Vector3.new(0.634799898, 0.275999993, 0.275999993)
p61.CFrame = CFrame.new(2.19120288, 4.36668921, 15.5111084, -0.0418889821, 0.498242021, 0.866024673, -0.561075568, 0.705474257, -0.433012754, -0.826703429, -0.504043877, 0.25000003)
p61.Elasticity = 0
p61.BottomSurface = Enum.SurfaceType.Smooth
p61.TopSurface = Enum.SurfaceType.Smooth
b52 = Instance.new("SpecialMesh", p61)
b52.MeshType = Enum.MeshType.Brick
b52.Name = "Mesh"
b52.Scale = Vector3.new(1, 0.5, 1)
p62 = Instance.new("Part", m)
p62.BrickColor = BrickColor.new("Dark stone grey")
p62.Material = Enum.Material.Metal
p62.FormFactor = Enum.FormFactor.Custom
p62.Size = Vector3.new(0.634799898, 0.275999993, 0.275999993)
p62.CFrame = CFrame.new(1.30936897, 4.34737015, 15.5057182, 0.0418892652, -0.498241544, 0.866024971, -0.561075509, 0.705474257, 0.433012605, -0.82670337, -0.504043937, -0.249999791)
p62.Elasticity = 0
p62.BottomSurface = Enum.SurfaceType.Smooth
p62.TopSurface = Enum.SurfaceType.Smooth
b53 = Instance.new("SpecialMesh", p62)
b53.MeshType = Enum.MeshType.Brick
b53.Name = "Mesh"
b53.Scale = Vector3.new(1, 0.5, 1)
p63 = Instance.new("Part", m)
p63.BrickColor = BrickColor.new("Dark stone grey")
p63.Material = Enum.Material.Metal
p63.FormFactor = Enum.FormFactor.Custom
p63.Size = Vector3.new(0.634799898, 0.275999993, 0.275999993)
p63.CFrame = CFrame.new(-3.13006902, 4.707551, 12.567832, 0.0418889076, -0.49824208, -0.866024852, -0.0725538731, 0.862980723, -0.500000119, 0.996483982, 0.0837778896, -4.30697114e-008)
p63.Elasticity = 0
p63.BottomSurface = Enum.SurfaceType.Smooth
p63.TopSurface = Enum.SurfaceType.Smooth
b54 = Instance.new("SpecialMesh", p63)
b54.MeshType = Enum.MeshType.Brick
b54.Name = "Mesh"
b54.Scale = Vector3.new(1, 0.5, 1)
p64 = Instance.new("Part", m)
p64.BrickColor = BrickColor.new("Dark stone grey")
p64.Material = Enum.Material.Metal
p64.FormFactor = Enum.FormFactor.Custom
p64.Size = Vector3.new(1.65600002, 0.275999993, 2.20800018)
p64.CFrame = CFrame.new(-2.74644089, 5.14363194, 13.8157644, -0.999999464, 2.92945668e-008, 3.8567034e-009, -2.72981993e-008, -0.866025209, -0.49999994, -1.13072822e-008, -0.499999762, 0.866025031)
p64.Elasticity = 0
p64.TopSurface = Enum.SurfaceType.Smooth
b55 = Instance.new("CylinderMesh", p64)
b55.Name = "Mesh"
p65 = Instance.new("Part", m)
p65.BrickColor = BrickColor.new("Dark stone grey")
p65.Material = Enum.Material.Metal
p65.FormFactor = Enum.FormFactor.Custom
p65.Size = Vector3.new(0.634799898, 0.275999993, 0.551999986)
p65.CFrame = CFrame.new(-2.78782606, 4.75447798, 12.567832, -1.04344124e-007, -3.6824229e-008, -0.999999344, -0.0837779865, 0.996484399, -3.59459982e-008, 0.996483922, 0.0837779343, -5.96046235e-008)
p65.Elasticity = 0
